positive/positive-1656171499.8821967.jpg 5 695 515 89 47 822 496 69 60 1076 428 83 54 774 134 69 70 633 138 65 63
positive/positive-1656171633.6637607.jpg 4 427 370 68 51 447 494 50 66 512 638 54 60 795 278 56 60
positive/positive-1656171653.62077.jpg 4 727 573 53 61 1006 122 61 66 1245 196 61 65 1344 100 76 59
positive/positive-1656171660.9284775.jpg 3 782 762 69 81 1200 442 70 69 1373 598 71 59
positive/positive-1656171666.466278.jpg 3 1015 559 47 64 1257 583 59 56 1348 332 88 54
positive/positive-1656171673.0323923.jpg 3 1330 838 77 62 1691 526 95 65 1304 1008 71 17
positive/positive-1656171677.9430156.jpg 4 931 590 59 54 1398 605 71 59 1388 522 73 53 1295 785 62 60
positive/positive-1656171683.125279.jpg 4 936 349 50 62 991 354 66 61 1324 205 76 56 1332 282 72 64
positive/positive-1656171689.833066.jpg 2 791 239 84 95 1162 32 93 39
positive/positive-1656171694.483114.jpg 5 856 262 57 68 703 115 65 81 699 191 79 57 542 228 66 84 406 213 72 55
positive/positive-1656171697.8095295.jpg 4 849 494 63 52 799 493 48 59 861 574 62 45 465 527 83 56
positive/positive-1656171702.8373866.jpg 3 660 370 75 58 654 302 59 47 591 256 61 89
positive/positive-1656171707.453518.jpg 5 789 299 54 46 829 340 67 56 588 774 67 49 530 775 58 53 1000 590 69 67
positive/positive-1656171712.315354.jpg 5 798 506 58 56 1170 396 77 63 1011 228 56 51 800 708 55 52 728 706 63 44
positive/positive-1656171715.9078841.jpg 5 1025 292 76 61 1226 432 59 61 793 585 54 62 933 791 82 46 717 779 58 51
positive/positive-1656171720.3757422.jpg 5 982 384 55 53 791 583 63 65 725 772 62 60 927 869 62 59 1364 427 82 63
positive/positive-1656171725.576942.jpg 5 945 287 67 52 1248 101 69 59 638 439 62 57 781 730 64 65 910 717 64 52
positive/positive-1656171729.7640538.jpg 5 998 426 82 64 940 444 52 55 707 438 66 59 716 350 78 58 837 794 79 43
positive/positive-1656171732.4366658.jpg 3 597 306 61 47 681 529 49 64 846 786 58 42
positive/positive-1656171735.562176.jpg 4 1072 358 61 61 589 305 58 47 868 777 53 55 791 801 55 53
positive/positive-1656171738.1692357.jpg 4 589 304 62 59 1191 123 65 67 861 784 60 54 798 792 44 53
positive/positive-1656171741.6732829.jpg 5 1078 359 67 44 1179 99 58 59 694 554 61 58 853 729 42 55 781 790 61 51
positive/positive-1656171746.917555.jpg 4 1061 754 51 71 924 863 65 54 1043 669 64 43 1455 205 45 49
positive/positive-1656171752.1179934.jpg 3 1077 666 53 56 1137 448 60 58 924 865 64 54
positive/positive-1656171756.4508052.jpg 4 1228 452 76 48 929 307 61 54 923 673 69 51 929 867 59 65
positive/positive-1656171760.9518263.jpg 4 865 233 50 69 735 222 50 60 525 445 67 45 556 531 73 76
positive/positive-1656171763.7820344.jpg 5 590 541 75 46 703 585 61 47 769 583 54 49 864 222 59 55 723 239 60 57
positive/positive-1656171766.2976656.jpg 5 733 228 45 57 861 231 60 46 695 439 67 59 681 567 75 63 849 579 63 50
positive/positive-1656171768.0389977.jpg 5 863 352 52 59 855 225 63 50 704 444 68 44 644 514 59 50 857 584 56 58
positive/positive-1656171770.2052429.jpg 5 853 360 65 61 850 227 60 56 579 569 55 49 579 638 53 50 862 592 57 48
positive/positive-1656171772.836126.jpg 5 856 234 62 46 517 640 57 49 760 581 65 59 853 582 61 54 714 494 54 63
positive/positive-1656171775.2593231.jpg 5 857 229 57 50 1012 516 45 61 712 512 56 53 521 636 58 54 694 716 75 49
positive/positive-1656171776.9361396.jpg 5 990 514 63 60 865 266 52 83 623 435 75 63 522 624 59 62 582 589 37 65
positive/positive-1656171780.7146869.jpg 5 770 289 56 59 794 110 49 53 1311 289 54 58 1141 354 46 61 913 367 55 54
positive/positive-1656171782.2079794.jpg 5 783 291 53 57 843 110 64 35 1319 288 53 62 1159 365 56 53 945 428 48 65
positive/positive-1656171785.3984413.jpg 5 937 261 41 51 795 404 46 49 789 619 51 55 1167 472 54 58 1316 401 57 52
positive/positive-1656171786.5998185.jpg 5 935 426 53 57 788 516 49 55 841 655 68 69 1157 580 54 67 1225 581 77 45
positive/positive-1656171788.370626.jpg 4 933 435 58 61 856 625 56 69 924 585 60 58 1158 592 63 40
positive/positive-1656171790.9830701.jpg 4 885 504 48 49 879 535 32 28 744 734 52 56 719 865 60 50
positive/positive-1656171795.2042425.jpg 5 1083 304 54 57 1222 523 61 58 1216 654 49 63 1153 674 48 38 846 655 58 52
positive/positive-1656171797.000789.jpg 5 1014 380 63 47 791 654 58 55 1012 668 65 53 1152 669 44 40 1227 524 61 41
positive/positive-1656171798.377357.jpg 5 1012 514 48 42 982 589 47 49 877 662 72 27 1151 665 53 52 1259 485 55 62
positive/positive-1656171802.4918327.jpg 3 818 438 60 44 819 360 44 54 752 422 59 44
positive/positive-1656171806.794822.jpg 4 852 208 44 53 868 267 43 44 1088 376 65 58 724 306 58 53
